6368.0 2.60000 5.80000 3.20000
6367.0 2.60000 5.80000 3.20000
6366.0 2.60000 5.80000 3.20000
6365.0 2.60000 5.80000 3.20000
6364.0 2.60000 5.80000 3.20000
6363.0 2.60000 5.80000 3.20000
6362.0 2.60000 5.80000 3.20000
6361.0 2.60000 5.80000 3.20000
6360.0 2.60000 5.80000 3.20000
6359.0 2.60000 5.80000 3.20000
6358.0 2.60000 5.80000 3.20000
6357.0 2.60000 5.80000 3.20000
6356.0 2.60000 5.80000 3.20000
6356.0 2.90000 6.80000 3.90000
6355.0 2.90000 6.80000 3.90000
6354.0 2.90000 6.80000 3.90000
6353.0 2.90000 6.80000 3.90000
6352.0 2.90000 6.80000 3.90000
6351.0 2.90000 6.80000 3.90000
6350.0 2.90000 6.80000 3.90000
6349.0 2.90000 6.80000 3.90000
6348.0 2.90000 6.80000 3.90000
6346.6 2.90000 6.80000 3.90000
6346.6 3.38075 8.02206 4.39602
6346.0 3.38068 8.02138 4.39616
6345.0 3.38057 8.02024 4.39639
6344.0 3.38047 8.01911 4.39662
6343.0 3.38036 8.01798 4.39685
6342.0 3.38025 8.01684 4.39708
6341.0 3.38014 8.01571 4.39731
6340.0 3.38003 8.01458 4.39754
6339.0 3.37992 8.01345 4.39777
6338.0 3.37981 8.01231 4.39800
6337.0 3.37970 8.01118 4.39823
6336.0 3.37960 8.01005 4.39846
6331.0 3.37905 8.00438 4.39962
6326.0 3.37851 7.99872 4.40077
6321.0 3.37797 7.99305 4.40192
6311.0 3.37688 7.98172 4.40422
6301.0 3.37579 7.97039 4.40653
6291.0 3.37471 7.95906 4.40883
6291.0 3.37471 7.95906 4.40883
6281.0 3.37362 7.94773 4.41113
6271.0 3.37253 7.93641 4.41344
6261.0 3.37145 7.92508 4.41574
6251.0 3.37036 7.91375 4.41805
6241.0 3.36927 7.90242 4.42035
6231.0 3.36818 7.89109 4.42265
6221.0 3.36710 7.87976 4.42496
6211.0 3.36601 7.86843 4.42726
6201.0 3.36492 7.85710 4.42957
6191.0 3.36384 7.84577 4.43187
6181.0 3.36275 7.83444 4.43417
6171.0 3.36166 7.82311 4.43648
6161.0 3.36058 7.81178 4.43878
6151.0 3.35949 7.80045 4.44109
6151.0 3.43577 8.55895 4.64390
6141.0 3.44175 8.57819 4.65090
6131.0 3.44772 8.59743 4.65790
6121.0 3.45369 8.61666 4.66490
6111.0 3.45966 8.63590 4.67190
6101.0 3.46563 8.65514 4.67890
6091.0 3.47160 8.67438 4.68590
6081.0 3.47758 8.69362 4.69290
6071.0 3.48355 8.71286 4.69990
6061.0 3.48952 8.73210 4.70690
6051.0 3.49549 8.75133 4.71390
6041.0 3.50146 8.77057 4.72090
6031.0 3.50743 8.78981 4.72790
6021.0 3.51341 8.80905 4.73490
6011.0 3.51938 8.82829 4.74190
6001.0 3.52535 8.84753 4.74890
5991.0 3.53132 8.86677 4.75590
5981.0 3.53729 8.88600 4.76290
5971.0 3.54326 8.90524 4.76990
5971.0 3.72375 9.13392 4.93249
5961.0 3.73635 9.18511 4.96166
5951.0 3.74895 9.23631 4.99083
5941.0 3.76156 9.28750 5.02000
5931.0 3.77416 9.33870 5.04918
5921.0 3.78677 9.38989 5.07835
5911.0 3.79937 9.44109 5.10752
5901.0 3.81197 9.49228 5.13669
5891.0 3.82458 9.54348 5.16586
5881.0 3.83718 9.59468 5.19504
5871.0 3.84978 9.64587 5.22421
5861.0 3.86239 9.69707 5.25338
5851.0 3.87499 9.74826 5.28255
5841.0 3.88759 9.79946 5.31173
5831.0 3.90020 9.85065 5.34090
5821.0 3.91280 9.90185 5.37007
5811.0 3.92541 9.95304 5.39924
5801.0 3.93801 10.00424 5.42841
5791.0 3.95061 10.05543 5.45759
5781.0 3.96322 10.10663 5.48676
5771.0 3.97582 10.15783 5.51593
5771.0 3.97582 10.15776 5.51602
5761.0 3.97815 10.17325 5.52376
5751.0 3.98048 10.18874 5.53150
5741.0 3.98281 10.20422 5.53924
5731.0 3.98514 10.21971 5.54699
5721.0 3.98746 10.23520 5.55473
5711.0 3.98979 10.25069 5.56247
5701.0 3.99212 10.26617 5.57021
5701.0 4.38074 10.75132 5.94513
5685.7 4.39029 10.79897 5.98986
5635.7 4.42128 10.95459 6.13609
5600.0 4.44320 11.06560 6.24054
5600.0 4.44320 11.06559 6.24039
5585.7 4.45194 11.09179 6.25067
5535.7 4.48228 11.18192 6.28608
5485.7 4.51232 11.26984 6.32065
5435.7 4.54206 11.35563 6.35442
5385.7 4.57150 11.43936 6.38742
5335.7 4.60067 11.52110 6.41967
5285.7 4.62956 11.60095 6.45120
5235.7 4.65819 11.67896 6.48204
5185.7 4.68656 11.75523 6.51220
5135.7 4.71469 11.82983 6.54173
5085.7 4.74259 11.90283 6.57064
5035.7 4.77025 11.97431 6.59897
4985.7 4.79770 12.04435 6.62674
4935.7 4.82493 12.11304 6.65398
4885.7 4.85196 12.18043 6.68071
4835.7 4.87881 12.24662 6.70696
4785.7 4.90547 12.31167 6.73276
4735.7 4.93195 12.37567 6.75813
4685.7 4.95827 12.43870 6.78311
4635.7 4.98443 12.50083 6.80771
4585.7 5.01045 12.56213 6.83197
4535.7 5.03633 12.62269 6.85592
4485.7 5.06208 12.68258 6.87957
4435.7 5.08770 12.74188 6.90296
4385.7 5.11322 12.80067 6.92611
4335.7 5.13863 12.85902 6.94906
4285.7 5.16395 12.91702 6.97182
4235.7 5.18919 12.97473 6.99442
4185.7 5.21434 13.03224 7.01690
4135.7 5.23944 13.08963 7.03927
4085.7 5.26447 13.14696 7.06157
4035.7 5.28945 13.20432 7.08382
3985.7 5.31440 13.26179 7.10605
3935.7 5.33931 13.31944 7.12828
3885.7 5.36420 13.37735 7.15055
3835.7 5.38908 13.43560 7.17287
3785.7 5.41395 13.49426 7.19529
3735.7 5.43883 13.55341 7.21781
3685.7 5.46372 13.61313 7.24048
3635.7 5.48863 13.67350 7.26331
3630.0 5.49148 13.68042 7.26593
3630.0 5.49148 13.68044 7.26597
3585.7 5.51358 13.69098 7.26563
3535.7 5.53856 13.70302 7.26520
3485.7 5.56360 13.71522 7.26471
3480.0 5.56646 13.71662 7.26465
3480.0 9.90344 8.06479 0.00000
3400.0 10.02942 8.19943 0.00000
3300.0 10.18136 8.36024 0.00000
3200.0 10.32727 8.51302 0.00000
3100.0 10.46729 8.65809 0.00000
3000.0 10.60153 8.79577 0.00000
2900.0 10.73013 8.92636 0.00000
2800.0 10.85322 9.05019 0.00000
2700.0 10.97092 9.16756 0.00000
2600.0 11.08336 9.27880 0.00000
2500.0 11.19067 9.38422 0.00000
2400.0 11.29298 9.48413 0.00000
2300.0 11.39042 9.57885 0.00000
2221.5 11.46358 9.64977 0.00000
2200.0 11.48311 9.66869 0.00000
2100.0 11.57119 9.75397 0.00000
2000.0 11.65478 9.83500 0.00000
1900.0 11.73401 9.91210 0.00000
1800.0 11.80900 9.98558 0.00000
1700.0 11.87989 10.05576 0.00000
1600.0 11.94681 10.12295 0.00000
1500.0 12.00988 10.18747 0.00000
1400.0 12.06923 10.24963 0.00000
1300.0 12.12499 10.30975 0.00000
1221.5 12.16633 10.35572 0.00000
1221.5 12.76361 11.02826 3.50431
1217.1 12.76595 11.02994 3.50549
1200.0 12.77495 11.03642 3.51002
1100.0 12.82503 11.07249 3.53522
1000.0 12.87076 11.10541 3.55823
900.0 12.91213 11.13520 3.57905
800.0 12.94914 11.16186 3.59767
700.0 12.98181 11.18537 3.61411
600.0 13.01011 11.20576 3.62835
500.0 13.03406 11.22300 3.64041
400.0 13.05366 11.23711 3.65027
300.0 13.06890 11.24809 3.65794
200.0 13.07979 11.25593 3.66342
100.0 13.08632 11.26063 3.66670
0.0 13.08850 11.26220 3.66780
